36
52
11
46
40
37
9
12
28
18
27
6
29
39
14
20
14
26
25
28
22
40
53
32
51
31
41
34
37
40
40
3
33
32
40
42
37
4
34
26
17
12
24
3
52
29
49
40
40
33
45
38
55
27
26
56
53
12
39
11
30
45
36
44
47
31
49
34
32
55
27
54
41
44
50
3
30
40
35
11
52
42
57
6
50
51
53
38
26
37
27
34
28
42
51
29
43
5
30
32
8
35
30
56
34
36
14
45
37
28
45
30
30
49
40
54
27
9
9
44
38
33
51
32
51
48
45
4
21
52
35
45
30
32
26
29
45
20
40
41
34
56
30
3
22
27
27
5
39
44
7
20
4
14
24
5
47
47
34
28
26
51
28
21
50
54
21
47
8
31
22
28
21
38
6
3
54
18
3
30
38
48
6
50
20
39
19
51
46
43
6
40
28
46
3
32
50
30
47
32
35
23
47
21
16
50
19
31
51
51
27
36
36
25
43
50
30
37
33
22
27
44
30
47
47
21
26
54
44
27
38
49
52
45
37
44
41
15
26
26
4
25
18
47
38
32
26
26
51
34
52
28
32
29
20
29
55
53
34
51
27
29
28
3
6
23
40
38
55
48
8
21
29
30
40
14
26
29
53
36
31
54
38
45
32
47
4
17
29
42
51
3
51
3
38
50
53
47
40
35
32
55
28
10
14
28
27
54
33
12
26
47
19
35
44
39
33
11
35
5
7
41
29
26
28
26
31
48
7
34
40
23
50
20
32
48
48
54
52
24
20
33
43
15
51
28
44
42
51
29
25
37
5
37
27
7
15
41
18
22
9
31
4
30
6
14
50
45
42
48
10
28
35
54
2
27
51
26
51
22
26
36
41
34
31
32
4
35
9
34
47
52
27
31
51
30
45
49
24
41
27
36
28
29
36
19
31
37
32
58
6
51
31
28
41
2
34
3
52
55
55
32
47
28
18
50
47
6
11
6
45
36
46
28
26
51
43
28
24
5
33
34
32
39
27
44
46
29
29
26
28
51
30
2
29
28
10
17
6
31
28
29
51
26
30
34
16
11
29
50
40
28
22
29
43
29
42
26
53
49
29
48
28
35
32
42
33
51
53
25
36
48
42
17
54
37
30
27
28
21
37
35
35
52
54
29
47
37
28
29
48
50
49
28
24
33
4
42
46
52
3
33
50
15
31
31
28
7
43
52
46
13
29
27
52
28
20
32
52
29
28
50
28
50
52
32
42
32
47
34
5
30
30
50
2
31
27
37
27
36
42
37
40
52
23
6
35
45
52
11
26
16
48
35
4
33
9
40
17
25
17
3
27
26
54
49
43
43
30
15
32
29
23
51
37
20
51
6
47
33
26
10
38
5
46
27
34
52
48
40
50
6
37
31
51
18
43
48
37
38
25
27
20
57
30
27
54
17
50
34
31
52
56
28
13
53
26
52
53
52
29
9
43
41
37
11
52
27
50
48
7
45
50
56
36
52
29
34
31
27
6
7
56
27
27
24
46
5
7
32
30
56
35
27
36
34
55
26
11
17
33
23
23
28
51
14
51
28
15
6
22
53
38
29
55
50
33
29
51
11
18
10
26
50
45
26
52
49
14
26
7
52
28
16
26
27
30
28
45
2
42
29
28
17
32
29
42
43
36
38
16
43
28
18
37
27
33
57
30
36
51
55
36
26
38
32
6
27
45
36
27
26
31
27
10
36
7
24
34
6
37
56
54
27
37
40
39
53
34
3
45
45
35
33
32
39
41
