28
45
27
34
50
41
36
7
2
35
41
29
20
29
31
34
4
11
25
44
44
31
35
50
33
30
47
38
37
29
35
33
39
27
37
3
29
36
36
30
47
35
38
34
30
28
3
34
4
11
27
33
23
7
27
15
46
32
9
28
24
31
38
34
34
4
50
51
36
47
20
49
32
18
20
41
39
6
40
35
30
42
30
50
50
33
38
40
4
35
3
30
26
30
31
50
31
51
27
45
48
6
11
17
50
16
25
33
5
17
31
45
34
29
2
36
44
4
7
27
36
27
28
50
34
45
26
44
50
33
33
18
26
13
35
30
2
8
19
3
34
18
26
21
38
40
34
14
42
29
35
48
50
4
13
33
31
31
45
29
28
28
47
33
43
41
19
45
34
21
30
6
27
28
30
40
34
21
44
36
7
20
32
2
50
27
26
38
12
33
39
28
2
18
2
36
30
41
27
7
48
44
5
17
43
7
49
9
12
41
34
30
15
46
38
28
37
33
27
49
22
45
50
17
34
24
41
46
45
37
26
28
44
39
42
34
25
27
17
31
39
40
34
30
4
11
36
27
43
32
16
47
28
28
26
31
42
47
47
27
31
33
16
40
41
28
4
28
8
33
27
20
29
25
36
39
7
36
35
31
30
25
41
21
6
32
3
50
31
21
31
26
17
37
18
31
15
41
47
42
38
33
35
9
4
31
29
38
36
31
32
2
26
20
50
47
29
13
28
48
35
27
51
25
47
22
44
7
22
25
38
38
26
6
46
28
15
13
27
51
29
32
28
15
6
18
33
50
27
40
5
16
31
10
13
36
12
26
50
32
33
50
5
27
31
30
45
27
3
30
35
40
25
35
44
42
7
28
28
44
32
43
48
39
36
27
50
30
25
3
32
46
21
35
25
47
26
6
44
26
15
27
26
6
44
13
29
37
24
30
26
38
32
18
49
30
4
38
4
33
27
48
3
29
28
42
30
43
35
28
40
39
50
50
40
48
31
26
30
37
15
39
13
47
32
26
50
40
41
21
47
40
21
32
26
18
3
47
32
36
15
11
26
32
45
13
32
29
35
3
18
43
37
37
40
27
28
31
50
24
50
30
31
2
10
44
40
47
31
12
32
35
29
26
28
50
4
12
30
37
6
31
29
41
20
42
34
49
24
29
46
28
32
28
23
38
42
19
40
35
47
28
35
17
32
18
18
35
27
36
43
26
12
31
52
3
3
44
22
35
31
17
28
32
26
41
31
40
45
29
37
3
20
43
26
50
51
28
41
15
43
14
45
38
49
32
22
20
45
46
41
25
29
34
15
32
10
29
39
42
30
13
35
30
26
33
40
41
3
46
27
26
29
21
46
10
31
26
28
9
31
46
34
27
41
16
38
48
26
38
32
37
3
26
47
26
21
44
50
20
40
40
15
34
40
30
31
22
29
26
47
27
50
16
5
15
35
42
6
44
34
32
35
32
11
45
30
49
34
35
32
33
48
27
50
26
36
27
23
15
26
14
41
41
20
26
4
40
27
11
44
29
36
44
49
30
23
37
27
41
42
33
34
26
29
6
37
36
47
48
41
19
6
47
48
27
38
21
50
20
35
50
28
46
34
32
20
49
42
28
21
14
47
42
33
28
29
42
32
7
40
43
31
3
40
6
28
26
9
35
15
34
27
49
28
38
27
36
26
32
38
48
22
3
29
36
32
31
50
43
3
43
38
33
28
37
3
26
36
11
46
27
28
21
28
38
28
48
49
23
50
41
38
40
29
27
27
15
44
34
42
35
29
48
20
40
27
39
29
31
40
45
5
29
31
27
47
42
34
46
43
9
42
34
26
34
11
9
50
23
47
17
18
28
38
31
2
33
35
26
47
26
11
51
7
40
48
49
7
36
34
50
17
40
32
29
22
10
27
48
29
50
20
28
16
49
25
42
49
34
29
49
37
33
29
2
48
26
22
37
50
35
9
44
41
49
35
42
51
27
33
28
47
25
5
30
30
31
51
22
40
38
40
29
50
32
35
33
41
31
49
29
47
28
27
49
6
47
28
37
14
50
29
34
50
42
35
2
6
29
33
48
40
50
3
44
6
15
48
30
26
31
32
6
30
34
28
26
47
5
12
41
27
15
27
5
37
35
31
37
35
32
31
37
33
30
17
18
22
26
51
36
48
33
11
45
50
14
32
37
26
30
37
15
28
30
46
4
43
27
42
25
45
48
4
25
40
30
28
16
27
30
51
50
33
40
44
35
48
30
33
41
47
36
