8
48
42
43
36
28
26
7
31
27
41
26
6
33
42
36
32
11
17
21
17
37
12
41
43
29
40
12
4
53
30
50
42
44
4
41
7
56
24
57
54
41
3
32
48
38
47
55
51
29
20
44
59
10
5
41
29
43
44
13
37
58
35
11
33
48
38
4
24
46
32
50
41
55
29
28
52
22
6
6
50
37
47
44
33
28
29
42
47
23
34
50
29
28
50
29
56
50
40
40
4
29
32
50
41
29
20
43
31
50
3
33
20
31
26
28
34
40
51
38
34
23
47
7
35
55
16
33
16
50
46
38
47
28
50
33
41
34
27
27
33
40
53
9
33
16
3
20
54
25
52
4
29
12
29
14
57
31
54
55
27
50
28
43
53
17
41
11
56
32
20
28
56
34
28
40
23
25
26
30
35
27
33
20
9
50
7
51
56
53
44
16
3
52
45
40
27
39
12
43
26
3
23
32
27
46
46
50
12
7
18
29
6
2
52
26
37
43
33
38
27
30
44
53
29
32
32
47
40
22
34
40
33
60
5
52
44
30
3
17
40
57
56
34
29
41
19
49
34
27
17
4
14
47
25
3
47
29
36
34
40
28
45
30
25
31
31
13
7
35
52
28
19
21
36
15
17
51
41
7
29
25
35
45
14
54
50
49
33
38
46
31
40
26
50
40
47
55
38
33
28
29
27
39
37
37
53
30
31
4
55
32
48
40
12
50
44
47
32
41
27
17
54
2
14
24
35
54
33
51
26
3
35
51
38
30
50
44
38
54
29
48
27
35
26
44
10
22
18
30
29
7
52
51
45
45
7
21
40
21
27
2
50
37
29
17
40
46
31
35
30
53
31
50
51
40
38
44
26
8
50
40
10
40
32
28
20
37
9
6
17
30
4
29
53
53
45
42
53
6
3
6
24
50
58
37
6
18
6
37
32
29
57
28
28
57
39
36
56
26
24
35
2
20
30
15
52
15
52
10
29
27
54
56
51
37
30
2
29
26
46
6
50
53
27
30
38
33
46
6
44
27
7
50
34
33
16
45
37
44
29
27
17
36
59
28
38
28
13
38
2
31
26
33
19
5
35
41
58
30
43
42
49
42
54
35
47
46
36
36
41
44
