36
41
26
27
23
31
47
37
32
31
38
7
32
19
28
28
32
27
25
40
41
37
36
30
2
33
45
12
30
29
41
34
33
26
45
35
12
28
34
29
17
36
35
36
3
29
30
29
42
31
32
35
28
28
31
29
5
32
41
37
32
26
9
42
26
32
39
17
27
37
30
22
37
11
31
32
47
5
25
48
28
35
43
30
47
28
32
15
34
17
3
37
36
31
37
35
32
28
35
27
47
19
46
28
29
33
16
35
32
20
38
28
29
46
30
27
11
48
28
26
41
29
43
25
46
15
6
31
12
40
28
15
40
28
33
7
31
17
16
24
38
28
14
30
26
32
30
6
26
26
46
29
27
32
22
40
32
7
17
40
46
31
32
11
32
27
27
27
38
5
18
43
36
36
7
27
30
24
24
18
17
36
36
32
46
28
37
26
28
33
21
47
46
20
3
6
27
34
29
28
29
40
28
26
11
20
5
43
28
32
11
4
36
38
30
37
29
27
20
20
6
27
15
25
2
27
36
36
32
42
34
10
26
31
30
41
26
36
21
39
48
25
37
4
28
15
27
31
32
30
27
35
28
32
16
28
26
38
30
3
30
34
33
37
26
26
42
42
40
10
12
7
41
37
28
45
20
18
37
33
40
28
18
6
10
39
37
34
27
5
33
36
34
32
32
28
10
33
23
42
11
41
42
44
17
28
33
32
27
29
25
28
39
41
41
26
36
2
34
24
4
39
40
17
36
37
29
32
29
30
36
35
40
27
32
28
2
23
6
35
30
14
4
28
11
13
40
4
30
30
15
20
13
26
41
2
34
45
41
14
26
30
31
34
36
17
28
29
28
26
6
26
32
37
32
31
17
29
40
26
29
29
27
37
36
29
27
46
30
27
28
18
10
34
26
34
36
43
36
35
6
37
30
31
10
13
28
26
8
34
30
30
29
30
23
20
2
45
2
24
42
27
27
34
42
33
29
10
30
18
47
19
4
43
36
30
35
27
26
36
37
22
29
3
38
26
27
48
27
26
27
10
26
32
31
47
26
32
37
11
30
35
26
31
26
45
28
45
29
27
40
12
41
26
28
34
3
33
31
40
38
6
26
27
18
35
42
27
28
36
43
32
26
20
45
46
34
42
11
26
28
27
33
44
41
36
7
21
29
31
22
23
34
25
13
38
31
6
20
31
34
29
25
35
28
11
44
28
46
30
27
27
3
34
27
27
28
6
14
29
41
36
6
18
27
33
44
13
31
33
28
17
21
33
5
20
38
35
34
10
33
26
36
47
47
35
42
26
28
28
34
38
37
30
41
32
31
12
45
37
14
41
31
4
37
15
26
37
44
28
34
30
14
29
36
33
6
5
28
28
45
25
33
27
43
27
26
31
31
20
13
14
24
15
4
32
30
14
39
34
33
36
48
27
13
46
29
17
40
37
42
29
29
31
26
26
10
47
5
6
26
26
32
36
31
29
38
37
31
42
21
20
32
43
28
35
28
40
36
29
10
38
34
25
34
30
11
42
15
32
13
31
32
3
20
35
41
29
15
34
29
35
3
30
49
17
31
40
2
28
31
7
27
38
37
47
32
43
29
38
32
35
42
29
12
30
28
47
46
48
29
29
26
37
29
41
6
42
37
27
47
20
41
42
38
6
17
28
46
32
31
4
30
17
32
42
16
33
38
33
34
34
30
29
7
30
36
35
16
21
28
41
17
28
7
27
10
42
40
33
22
24
19
23
4
22
45
20
5
28
40
28
33
26
36
6
34
42
26
34
47
31
36
34
23
25
15
40
41
40
45
32
33
38
14
37
29
5
39
20
28
9
10
41
25
29
45
15
26
32
8
37
36
5
32
32
28
32
30
40
28
20
44
32
7
33
27
5
29
23
31
43
2
43
29
35
19
17
9
17
3
37
36
14
18
27
2
42
7
34
42
44
35
5
26
28
31
36
9
37
28
30
41
35
22
24
35
31
32
33
30
20
18
32
42
6
4
42
25
26
35
26
27
44
26
27
40
42
23
33
35
27
49
5
34
46
40
35
31
14
43
25
33
30
18
3
33
44
36
28
37
25
18
28
38
38
32
15
3
30
35
21
33
27
34
27
32
44
34
31
21
27
31
42
28
37
34
29
28
28
46
42
5
15
38
31
26
19
36
35
30
22
26
3
45
27
32
27
21
35
26
26
27
2
32
46
46
46
6
36
27
28
22
9
41
11
10
38
16
15
15
31
12
38
37
40
27
34
22
6
42
15
38
17
20
2
21
36
26
31
35
27
28
25
37
41
2
28
43
3
40
28
36
30
45
39
7
24
31
10
18
33
6
29
44
26
17
40
27
3
19
35
10
9
33
30
15
32
38
44
5
45
10
27
6
3
48
35
32
31
43
46
15
34
28
9
39
45
14
31
35
28
37
26
4
33
43
28
27
47
33
21
36
45
9
29
20
10
36
46
32
30
46
39
19
35
27
28
43
10
30
4
48
28
30
39
37
35
43
4
32
37
47
28
29
26
41
30
6
28
28
28
48
23
15
37
36
34
35
28
26
37
47
31
39
31
17
30
33
36
28
47
20
2
3
40
3
27
33
7
26
2
43
3
14
40
15
22
11
3
11
32
20
44
35
28
34
48
38
21
29
26
29
42
28
34
3
31
46
34
38
47
40
28
19
43
29
36
28
2
28
27
15
32
34
19
32
44
38
26
6
11
44
34
33
29
20
29
36
26
30
29
35
17
32
29
27
32
31
35
48
35
45
31
40
46
11
20
29
26
37
26
36
33
26
2
45
28
17
37
38
37
46
36
33
16
48
46
16
31
31
35
41
27
32
41
28
38
41
28
28
32
34
28
