31
37
50
27
41
53
37
36
32
31
28
35
6
4
50
25
15
37
51
28
50
6
36
30
34
40
32
30
36
36
11
38
42
7
37
50
28
40
36
9
33
33
6
20
36
3
17
50
26
41
35
36
31
42
21
37
53
24
53
35
51
36
21
20
28
7
12
42
34
42
25
42
46
3
52
20
52
37
41
46
27
38
28
28
32
51
41
12
30
54
49
50
26
52
37
13
42
50
32
27
40
49
28
5
40
3
30
51
28
50
27
45
53
35
28
12
41
32
42
37
43
36
28
45
36
52
24
26
41
35
50
50
46
14
42
15
50
27
38
28
28
16
32
14
41
38
30
13
3
17
5
37
54
7
17
20
36
41
6
7
26
44
44
30
27
27
49
50
48
52
18
44
37
42
29
17
40
18
36
9
20
2
52
52
5
25
29
27
36
47
6
50
48
36
28
16
49
43
38
23
6
36
7
46
10
28
43
30
37
32
4
6
14
27
41
47
33
26
27
22
50
30
28
48
3
27
50
50
35
17
32
20
41
46
28
28
12
34
29
29
11
31
39
30
29
10
38
42
20
26
46
17
29
27
18
2
52
24
33
30
40
36
20
45
51
3
40
39
25
35
14
42
35
31
13
15
27
27
2
50
32
6
21
30
37
50
32
28
18
28
53
15
6
51
32
49
27
41
27
47
29
30
53
2
4
35
29
4
17
21
38
35
53
47
9
28
5
22
27
13
39
24
27
51
34
28
52
28
34
48
30
26
19
44
36
46
27
37
50
29
30
49
35
20
48
51
44
39
24
27
30
28
52
27
4
26
47
10
22
30
2
26
51
32
9
3
2
45
28
11
12
26
46
17
34
32
41
32
27
41
33
50
32
39
11
17
40
50
3
20
11
37
30
47
31
35
48
17
31
46
47
53
51
4
14
51
4
20
4
41
25
27
4
50
26
41
50
17
33
40
32
26
17
37
7
17
3
26
28
6
15
46
42
45
33
2
52
32
17
49
50
5
33
39
27
30
14
29
52
27
28
31
32
28
35
43
31
44
36
51
50
23
34
42
41
48
4
20
44
40
50
32
21
27
33
26
28
31
32
31
4
55
20
21
5
49
28
3
26
39
28
28
33
6
45
50
41
31
52
20
53
44
38
45
17
48
44
13
4
50
42
35
20
33
42
49
38
26
12
29
32
32
27
36
42
45
21
25
50
19
6
28
20
28
50
27
33
19
18
32
6
35
3
28
46
39
50
34
42
34
41
17
26
50
44
27
45
51
36
27
44
25
23
11
30
31
32
34
6
50
30
52
17
46
50
18
7
37
40
40
50
31
28
51
36
27
26
34
7
33
34
50
28
52
27
43
26
7
26
46
26
46
23
45
19
45
32
3
38
51
33
5
23
38
29
48
30
28
36
38
35
40
50
51
30
43
21
27
50
41
7
53
37
53
31
21
50
28
18
29
48
20
50
28
35
38
29
46
33
13
46
28
6
20
46
29
37
26
28
27
29
41
27
37
27
34
51
14
28
32
42
37
20
2
5
51
11
46
39
34
32
30
3
38
31
48
9
2
29
25
4
31
51
51
52
46
27
39
42
28
30
19
27
41
48
35
32
50
6
44
31
30
35
43
22
30
28
50
45
38
47
45
28
9
37
33
42
30
52
50
41
41
35
28
28
54
41
18
6
50
50
26
37
52
11
18
47
33
26
28
51
53
26
51
26
26
15
50
52
32
29
29
51
28
26
40
2
35
35
50
23
45
22
43
28
45
44
51
47
53
37
33
50
11
32
28
27
53
24
43
22
43
30
53
34
29
43
32
52
27
36
51
31
27
4
22
50
10
50
31
52
15
37
6
26
52
45
15
44
32
50
20
35
41
51
47
51
17
3
28
17
2
29
37
17
26
40
27
40
26
29
49
27
42
29
28
27
21
40
40
34
39
36
40
27
25
28
26
29
54
38
35
49
53
34
29
20
4
26
42
33
28
6
47
35
45
50
29
17
43
31
30
35
31
54
53
35
33
41
47
36
51
31
41
42
48
32
25
30
38
