26
30
36
2
28
29
32
20
6
9
30
27
13
42
17
30
27
22
28
30
34
3
11
32
35
28
26
3
34
29
28
23
9
17
33
29
36
35
18
35
32
29
31
40
29
27
37
30
32
32
4
33
14
29
27
26
40
43
4
31
27
11
19
29
20
32
27
33
30
34
16
17
3
35
33
21
30
6
30
26
29
20
28
28
40
14
21
31
29
31
20
30
21
4
28
32
27
28
19
26
27
4
26
28
28
36
26
30
27
36
32
32
3
20
29
13
33
21
26
38
25
5
34
3
31
37
10
26
34
20
30
32
28
10
30
42
15
28
28
42
30
32
37
29
41
10
31
4
9
29
32
11
27
28
11
34
30
32
28
35
31
30
29
22
29
31
3
29
27
41
17
40
26
38
25
30
25
30
29
5
4
17
34
14
14
29
27
27
7
40
30
31
28
7
25
28
28
42
25
4
18
10
17
37
38
33
40
32
25
30
4
27
28
14
32
32
2
38
34
32
26
6
25
28
35
33
31
31
27
31
29
29
25
14
29
40
28
30
27
36
28
11
5
13
33
40
30
4
29
29
28
13
30
26
24
34
2
40
32
3
3
11
28
33
26
26
26
11
23
8
32
18
13
34
32
27
30
41
26
32
31
19
41
40
2
29
12
5
14
18
32
31
27
35
19
26
5
27
5
32
16
37
27
2
28
32
34
35
20
28
10
32
30
26
26
18
36
26
24
18
21
32
26
29
33
32
26
37
31
34
4
28
32
3
17
27
30
29
10
10
35
28
15
18
37
31
37
42
33
27
14
30
30
29
28
32
23
21
30
25
32
32
34
26
16
11
32
31
22
2
28
5
36
11
28
20
5
26
37
9
26
6
33
30
17
31
33
28
3
30
29
29
37
36
33
19
7
2
35
11
35
41
6
25
33
31
34
27
27
11
6
31
3
7
14
35
31
6
37
13
33
33
32
32
19
31
32
30
6
30
2
17
21
11
27
25
30
7
2
29
18
25
27
35
20
6
31
40
36
29
30
37
37
30
18
28
26
32
30
26
17
34
27
30
35
33
26
3
25
35
35
9
3
32
32
28
20
15
31
25
35
32
3
32
33
28
31
21
28
26
24
28
6
20
31
33
20
28
6
26
4
30
20
26
25
32
31
37
12
35
25
27
42
28
19
27
32
15
30
2
4
3
30
9
25
28
11
9
30
32
33
36
29
30
28
27
10
18
26
11
16
16
16
29
15
35
29
30
4
39
34
24
29
27
35
28
30
32
30
26
26
2
27
2
27
10
26
23
26
20
29
33
32
30
28
31
36
28
28
18
26
31
16
28
27
28
30
34
28
33
36
32
27
6
26
23
31
24
28
40
28
34
27
28
14
30
14
29
4
31
32
26
19
16
32
32
27
37
33
15
32
3
25
35
31
38
31
25
25
33
30
29
26
29
38
20
28
22
30
7
17
40
26
32
20
37
30
30
37
26
30
28
28
18
6
5
28
26
17
17
40
13
29
11
35
35
34
29
12
21
33
28
30
23
29
32
32
5
11
28
26
34
26
20
28
42
11
29
27
37
27
32
17
27
10
11
6
29
34
28
41
31
32
27
5
2
29
28
28
29
30
27
15
31
5
9
29
29
40
27
30
25
29
40
4
20
7
29
27
35
9
15
39
22
26
6
32
31
28
29
3
3
28
28
32
37
12
32
34
26
17
30
3
25
20
35
26
34
34
37
31
37
26
28
28
32
28
28
18
7
7
18
41
40
4
14
6
32
33
30
28
38
33
28
24
33
29
25
29
20
30
6
6
26
12
36
33
32
34
33
15
6
27
18
31
28
15
35
30
18
27
28
12
31
28
30
27
40
16
40
29
40
26
19
3
28
29
31
31
33
25
27
20
26
29
35
32
29
15
27
25
32
41
28
4
28
32
30
33
28
28
28
20
27
28
28
32
31
28
20
26
32
28
2
16
29
31
14
6
35
28
34
41
37
7
40
32
37
5
28
17
29
35
31
34
20
21
28
33
27
6
18
7
35
28
4
11
41
6
17
34
34
34
18
34
34
30
31
20
36
40
31
29
20
13
26
33
28
30
30
30
6
30
5
18
20
41
6
26
32
6
28
31
6
35
24
33
30
27
17
24
30
19
13
23
29
26
6
29
3
22
33
32
3
29
31
7
3
27
43
26
40
26
34
4
30
30
26
32
30
31
25
5
15
31
17
17
35
29
2
6
33
36
34
3
28
28
13
33
28
31
27
17
27
14
28
28
33
28
25
28
11
41
30
28
7
3
5
25
22
30
26
2
18
34
30
27
5
28
16
5
36
28
29
33
27
34
28
3
37
27
36
29
26
26
18
26
17
7
29
28
37
18
6
6
27
32
31
18
37
30
30
26
28
35
29
30
33
28
9
37
13
31
12
20
29
30
28
33
36
27
29
28
29
32
21
21
43
34
32
27
36
28
30
30
26
32
33
25
34
28
41
29
6
29
29
27
30
38
36
29
28
33
31
35
25
11
7
27
10
24
35
41
41
17
43
17
17
27
30
3
33
27
18
32
36
10
40
28
35
21
42
28
25
35
36
37
5
34
30
41
30
29
13
28
32
27
29
31
30
6
27
38
30
34
28
4
32
28
37
27
30
28
27
7
27
31
33
18
14
30
35
28
28
20
7
26
30
30
26
27
8
27
26
37
38
28
28
25
32
32
28
8
6
29
15
29
31
30
43
4
3
38
26
5
30
30
31
30
28
34
24
33
42
28
27
28
31
32
31
30
29
27
17
3
31
37
29
32
41
29
32
18
31
7
33
30
27
32
28
30
34
28
22
30
29
28
29
4
40
2
35
13
12
38
26
11
40
32
13
28
23
28
29
31
31
35
26
26
31
6
21
29
27
16
10
37
29
20
26
15
26
13
38
31
18
29
30
31
27
13
28
39
28
36
32
31
17
15
30
7
4
4
13
32
21
28
28
28
32
2
25
12
34
11
26
32
36
30
6
38
38
33
4
29
28
28
11
30
34
32
32
38
27
27
32
37
32
13
32
33
33
29
29
29
24
15
32
26
6
36
28
25
35
37
23
22
28
30
4
26
23
9
7
28
29
38
22
20
5
37
11
38
22
31
32
26
43
5
31
40
25
28
9
30
34
22
29
29
12
21
12
37
13
18
26
4
29
9
6
31
38
32
32
31
25
26
26
32
21
6
28
33
33
33
30
28
27
20
30
33
26
27
33
30
5
32
31
25
23
29
40
30
27
31
27
30
16
26
28
36
18
36
23
35
32
14
21
32
27
29
2
40
5
39
28
14
34
27
32
37
30
31
25
26
37
26
37
29
33
5
17
21
33
29
19
20
42
37
21
30
37
17
15
32
21
24
20
29
41
40
40
29
34
27
20
24
32
23
28
17
38
9
29
33
28
30
7
29
35
41
33
28
35
26
31
36
11
29
35
16
6
34
30
7
32
27
34
22
29
33
24
32
33
26
33
34
6
11
27
34
40
26
33
29
21
26
26
32
27
41
34
4
33
9
35
20
26
6
28
13
27
31
14
28
37
13
17
27
34
20
26
32
32
35
3
32
9
38
32
32
30
31
28
7
4
29
6
29
28
37
28
41
27
40
44
10
5
6
11
6
12
33
31
13
33
26
37
41
29
6
27
30
32
40
23
3
28
31
27
20
34
23
28
14
37
41
26
31
7
35
28
40
14
27
18
30
40
27
17
2
29
42
36
4
5
31
29
11
6
27
33
37
26
43
31
33
33
34
32
21
37
31
32
20
42
26
27
27
21
27
31
34
38
20
4
17
29
27
26
19
42
32
27
3
19
13
32
32
29
32
29
4
31
30
27
30
27
26
34
41
29
35
19
28
32
33
34
42
15
2
32
36
26
33
15
22
28
23
30
31
26
26
23
28
34
37
28
32
31
36
27
6
11
27
7
26
28
17
40
33
31
9
32
6
26
42
33
28
36
3
28
3
27
32
41
34
28
29
41
31
34
42
33
33
11
15
11
38
10
31
21
30
29
31
28
30
32
32
28
28
12
28
11
31
30
27
6
38
10
7
33
11
21
37
17
28
30
37
41
26
7
32
31
26
32
28
32
32
27
31
23
22
3
28
27
4
30
31
32
13
2
30
28
3
24
42
32
40
29
27
33
32
40
10
18
28
28
15
30
19
30
31
7
23
28
35
33
31
26
5
32
7
29
29
15
29
16
40
30
28
3
26
28
28
35
17
34
36
29
3
40
34
13
32
27
5
27
30
42
40
17
12
30
29
33
11
28
5
27
35
18
36
25
28
28
34
35
26
3
30
27
30
32
11
