107
129
31
335
508
350
232
147
189
252
187
247
59
341
9
526
102
315
450
374
49
135
488
274
155
100
575
362
188
124
522
593
238
85
531
261
530
337
528
127
53
97
146
161
234
519
103
281
88
36
32
87
138
121
94
272
243
212
23
195
309
492
333
451
237
448
19
62
246
29
578
275
360
218
369
256
590
105
110
453
60
258
567
358
144
98
57
69
367
137
150
78
162
560
106
113
577
140
101
27
589
273
10
318
339
225
418
319
165
80
242
228
549
72
573
271
163
43
439
385
108
391
176
556
54
196
332
136
401
426
26
148
167
24
22
179
351
411
132
368
67
48
543
463
487
89
518
500
259
76
52
371
6
151
356
598
11
219
45
41
353
245
205
268
310
544
44
156
157
317
149
120
372
40
499
441
42
75
291
239
141
529
18
249
130
462
436
546
505
516
182
47
566
34
584
126
571
134
118
562
424
468
164
117
527
35
112
585
594
73
172
443
39
553
458
63
354
230
457
266
292
170
286
93
540
557
408
547
498
474
421
222
359
485
328
38
250
251
437
461
412
25
46
181
244
400
74
33
349
14
158
511
83
425
95
548
235
119
378
459
417
142
248
227
288
183
489
537
210
270
517
376
501
84
214
327
477
99
174
96
13
17
92
159
579
168
178
185
236
206
430
12
229
215
50
366
224
558
494
491
370
116
154
442
81
169
336
201
576
255
184
406
394
545
320
171
77
384
538
265
375
109
91
7
322
554
166
153
278
510
283
390
111
455
449
28
123
145
173
405
191
254
198
282
241
471
143
416
276
65
3
456
365
180
512
298
56
582
8
131
211
61
280
231
346
20
55
482
379
66
295
334
64
513
464
388
199
260
82
373
535
216
302
300
470
396
193
532
293
204
263
303
495
475
415
312
397
329
520
125
152
348
79
429
307
591
345
472
583
427
269
435
133
115
15
139
536
496
404
588
403
490
68
70
301
407
175
581
445
454
410
419
114
420
525
223
465
460
90
226
503
533
287
267
190
306
86
387
552
561
194
58
4
570
313
521
221
213
296
597
452
208
209
279
502
480
16
325
338
257
434
104
5
399
330
484
323
240
504
340
580
506
523
311
414
568
478
355
550
559
217
277
308
422
262
440
467
30
128
177
202
37
574
423
393
569
200
197
444
160
192
363
220
596
476
207
599
473
469
233
428
595
386
377
326
51
433
539
343
305
331
299
294
514
122
361
253
524
1
285
515
324
572
0
481
321
347
357
541
186
344
342
203
380
479
534
493
21
592
264
563
447
432
542
507
352
316
381
398
586
290
289
555
587
395
551
509
304
383
564
71
497
297
382
402
314
389
